#ChipScope Pro Analyzer Project File, Version 3.0
#Mon Jan 17 10:35:53 MSK 2022
mdiAreaHeight=0.6995305164319249
mdiAreaHeightLast=0.6995305164319249
mdiCount=0
navigatorHeight=0.1795774647887324
navigatorHeightLast=0.1795774647887324
navigatorWidth=0.17983193277310924
navigatorWidthLast=0.17983193277310924
signalDisplayPath=0
unit.-1.-1.username=
